740 787 7777
407 840 8788
772-801-3664
717-608-4004





954 702 8504
7863569511



786 290 1145
786 285 936

347 272 5827
347 881 5208
917 557 1135
605 231 3308
 202 375 1586
646 522 7722

3473997771
3472958246
929-990-7400
9294590000
6468618300
917 698 7427
 929 340 6251
917 943 5545
606 660 6363
347 656 1765




971 56 368 3515
612 417 4173

773 377 8163

850 724 1708


773 377 8137
571 457 0610



773 377 8139
6126367374
8154579018
2204655470
5076212428
832 708 6409
7203526740
7206573215
224 518 7144
6124583272
2133939582
773 377 8137
9135483931

214 914 7290
8162975095
4437223307
6157459291
4158157965
6678038057


 90 110 76 99
303 905 1227
7206832730
3039036775
2127277
20259795557
3154508206
6124516592
612 270 0091
6123614695
5075089323
7204951564
7207730015
8178427347
6124244367
6025756360
2244421812
9522975342
3204402372
 99 049 56 77
6128145449
4695702170
224 500 7921
7637603653
3082248835
 872 235 7965
5079935304

88 108 81 21
7015413686
2182271340
847 767 3994




814 363 4534


224 518 5112

 95 004 59 37
 94 619 36 66

6128063596
6124260240
6174016362
2074097825
8166745604
6692369091
3204057528
3202419941
7163709030
4698457819
3203420193
5715256806
7017812223
7018992647
9719786548
2068867167
6183329141
6519259994
6126366626
2064763507
2062280585
6784975261
6787568293
8082061177
2028803098
5025929867
6128344157
7736009354




998 97 747 97 71

1 929 340 0506



1 909 969 3993
8476505927
456123789
2247666369
2242888847
7739715484
2245650236
6233371907
1 402 904 2811
4029376432
4028178266
9099693993
4157702653

1 206 480 6691
1 605 277 0260
1 347 372 0971
1 508 246 0936
1 206 880 8222
4259997881
1 718 419 8681